FID	IID	WL	relMRWS	EL	WW	EW	sex	Esize	Wsize	maxWsize	MRWS
Pc25Dud002	Pc25Dud002	5.93	0.687627571	4.09	2.35	1.5	M	6.135	13.9355	20.2660576672575	0.687627570630801
Pc25Dud003	Pc25Dud003	6.76	0.794645537	4.46	2.69	1.59	M	7.0914	18.1844	22.8836621550674	0.794645536923959
Pc25Dud004	Pc25Dud004	5.68	0.62326096	4.34	2.38	1.55	F	6.727	13.5184	21.6897910756506	0.623260959630727
Pc25Dud005	Pc25Dud005	4.53	0.859576579	2.83	2.01	1	M	2.83	9.1053	10.5927734934518	0.859576578846763
Pc25Dud006	Pc25Dud006	5.69	0.644999977	4.83	2.91	1.7	F	8.211	16.5579	25.6711637072482	0.644999976971239
Pc25Dud007	Pc25Dud007	6.38	0.76850909	4.11	2.41	1.47	M	6.0417	15.3758	20.0073105140258	0.768509090175868
Pc25Dud008	Pc25Dud008	5.53	0.776376529	3.79	2.26	1.23	M	4.6617	12.4978	16.0976015370586	0.776376528592074
Pc25Dud009	Pc25Dud009	6.66	0.83385803	4.47	2.86	1.6	F	7.152	19.0476	22.8427374016386	0.833858029582463
Pc25Dud010	Pc25Dud010	5.85	0.671754647	4.5	2.61	1.58	F	7.11	15.2685	22.7292808127407	0.671754646607268
Pc25Dud011	Pc25Dud011	6.2	0.670621589	4.23	2.28	1.52	M	6.4296	14.136	21.0789515761146	0.670621588979694
Pc25Dud012	Pc25Dud012	6.07	0.706825692	4.33	2.42	1.46	M	6.3218	14.6894	20.7822100634404	0.706825691548624
Pc25Dud013	Pc25Dud013	6.36	0.704142695	4.71	2.81	1.72	F	8.1012	17.8716	25.3806510212036	0.704142694569563
Pc25Dud014	Pc25Dud014	5.46	0.716653851	3.94	2.36	1.35	M	5.319	12.8856	17.9802284952733	0.716653851389452
Pc25Dud015	Pc25Dud015	5.75	0.691159881	4	2.3	1.45	F	5.8	13.225	19.1345018195102	0.691159880970372
Pc25Dud016	Pc25Dud016	6.87	0.909007487	4.28	2.77	1.49	M	6.3772	19.0299	20.9348110762416	0.909007486654446
Pc25Dud017	Pc25Dud017	5.2	0.689540087	4.04	2.45	1.36	M	5.4944	12.74	18.4760831863397	0.689540086581736
Pc25Dud018	Pc25Dud018	5.71	0.80967268	3.73	2.42	1.34	M	4.9982	13.8182	17.066402678962	0.809672680290962
Pc25Dud019	Pc25Dud019	6.65	0.803542872	4.33	2.54	1.48	M	6.4084	16.891	21.020658128225	0.803542871824741
Pc25Dud020	Pc25Dud020	5.08	0.815793131	3.19	2.13	1.16	M	3.7004	10.8204	13.2636566609333	0.815793131306716
Pc25Dud021	Pc25Dud021	6.12	0.729079938	4.24	2.53	1.53	M	6.4872	15.4836	21.2371774133088	0.729079938386577
Pc25Dud023	Pc25Dud023	6.23	0.783209109	4.02	2.37	1.4	M	5.628	14.7651	18.8520534775713	0.783209108629271
Pc25Dud024	Pc25Dud024	5.76	0.723874053	3.92	2.25	1.35	M	5.292	12.96	17.9036670050489	0.723874053083383
Pc25Dud025	Pc25Dud025	5.84	0.688439621	4.14	2.4	1.49	M	6.1686	14.016	20.3590838817615	0.688439621419119
Pc25Dud026	Pc25Dud026	6.62	0.695042046	4.54	2.43	1.6	F	7.264	16.0866	23.1447868279155	0.695042046384181
Pc25Dud027	Pc25Dud027	6.44	0.690467372	4.41	2.37	1.56	F	6.8796	15.2628	22.1050271556699	0.690467371630671
Pc25Dud028	Pc25Dud028	5.51	0.637186149	4.28	2.38	1.46	M	6.2488	13.1138	20.5807989206077	0.637186148632405
Pc25Dud029	Pc25Dud029	6.15	0.752942255	4.07	2.36	1.42	M	5.7794	14.514	19.2763786443488	0.752942254755668
Pc25Dud030	Pc25Dud030	5.38	0.649195639	3.94	2.21	1.38	M	5.4372	11.8898	18.3146640019131	0.649195639011343
Pc25Dud031	Pc25Dud031	6.33	0.735167999	4.44	2.54	1.53	F	6.7932	16.0782	21.8701031975132	0.735167998742146
Pc25Dud032	Pc25Dud032	5.48	0.620170607	4	2.15	1.42	M	5.68	11.782	18.9979980655987	0.620170607414404
Pc25Dud033	Pc25Dud033	NA	NA	4.35	NA	1.62	M	7.047	NA	22.7634634933824	NA
Pc25Dud034	Pc25Dud034	7.47	0.827549334	4.82	2.64	1.56	F	7.5192	19.7208	23.8303617652091	0.827549333673615
Pc25Dud035	Pc25Dud035	6.62	0.719376944	4.6	2.57	1.62	F	7.452	17.0134	23.6501880326243	0.719376944341028
Pc25Dud036	Pc25Dud036	6.69	0.693708995	4.76	2.59	1.67	F	7.9492	17.3271	24.9774763435878	0.693708994521706
Pc25Dud037	Pc25Dud037	6.48	0.680682008	4.44	2.31	1.54	F	6.8376	14.9688	21.9908853379782	0.68068200847507
Pc25Dud038	Pc25Dud038	5.82	0.740708912	3.81	2.28	1.39	M	5.2959	13.2696	17.914729777819	0.740708911860321
Pc25Dud039	Pc25Dud039	6.53	0.751599472	4.46	2.62	1.58	M	7.0468	17.1086	22.7629217817921	0.751599472335095
Pc25Dud040	Pc25Dud040	6.29	0.872151391	3.95	2.2	1.16	M	4.582	13.838	15.8665114063966	0.872151391415583
Pc25Dud041	Pc25Dud041	4.34	0.775921266	2.72	1.63	0.87	M	2.3664	7.0742	9.11716215254081	0.775921266029971
Pc25Dud042	Pc25Dud042	6.2	0.788702898	4.34	2.77	1.54	M	6.6836	17.174	21.774992908459	0.788702897502592
Pc25Dud043	Pc25Dud043	6.92	0.889070549	4.61	3.06	1.63	F	7.5143	21.1752	23.8172325367869	0.889070548700144
Pc25Dud044	Pc25Dud044	6.89	0.724497868	4.81	2.73	1.73	F	8.3213	18.8097	25.9623952276323	0.724497868362331
Pc25Dud045	Pc25Dud045	6.11	0.73669727	4.38	2.53	1.46	M	6.3948	15.4583	20.9832459364383	0.736697270137601
Pc25Dud046	Pc25Dud046	5.77	0.65332373	4.18	2.35	1.51	M	6.3118	13.5595	20.7546417911824	0.653323730490051
Pc25Dud047	Pc25Dud047	6.43	0.791942801	4.21	2.5	1.46	M	6.1466	16.075	20.2981831378355	0.791942800537475
Pc25Dud048	Pc25Dud048	6.08	0.621065228	1.68	2.45	4.51	F	7.5768	14.896	23.9845982925196	0.621065227706808
Pc25Dud049	Pc25Dud049	5.91	0.701454795	4.14	2.43	1.5	M	6.21	14.3613	20.473593037282	0.701454794663955
Pc25Dud050	Pc25Dud050	5.98	0.739579816	3.94	2.32	1.42	M	5.5948	13.8736	18.7587596253963	0.739579816419068
Pc25Dud051	Pc25Dud051	6.24	0.702229529	4.29	2.44	1.55	M	6.6495	15.2256	21.6817997008053	0.702229529379635
Pc25Dud052	Pc25Dud052	6.7	0.741069588	4.88	2.85	1.69	F	8.2472	19.095	25.7668109683991	0.741069588449206
Pc25Dud053	Pc25Dud053	6.51	0.76075218	4.29	2.52	1.54	M	6.6066	16.4052	21.5644469002773	0.760752180469283
Pc25Dud054	Pc25Dud054	6.08	0.755962813	4.1	2.44	1.44	M	5.904	14.8352	19.6242457184174	0.755962813188642
Pc25Dud055	Pc25Dud055	6.64	0.808220259	4.29	2.51	1.46	M	6.2634	16.6664	20.6211114135725	0.808220258634093
Pc25Dud056	Pc25Dud056	7.1	0.704243806	4.81	2.55	1.71	F	8.2251	18.105	25.7084263151098	0.704243806216915
Pc25Dud057	Pc25Dud057	5.17	0.546897403	4.29	2.16	1.46	F	6.2634	11.1672	20.4191863618865	0.546897403358059
Pc25Dud058	Pc25Dud058	6.72	0.808272475	4.74	2.78	1.53	F	7.2522	18.6816	23.1129978792198	0.808272474978077
Pc25Dud059	Pc25Dud059	6.04	0.689660791	4.32	2.44	1.53	F	6.6096	14.7376	21.3693459009593	0.689660791130644
Pc25Dud060	Pc25Dud060	6.42	0.773614283	4.28	2.48	1.46	M	6.2488	15.9216	20.5807989206077	0.773614282974096
Pc25Dud061	Pc25Dud061	5.82	0.509917986	4.44	1.99	1.6	F	7.104	11.5818	22.7130642828991	0.509917986219062
Pc25Dud062	Pc25Dud062	6.38	0.68533153	4.53	2.56	1.66	F	7.5198	16.3328	23.8319693349166	0.685331529697403
Pc25Dud063	Pc25Dud063	5.42	0.680726728	3.96	2.38	1.43	M	5.6628	12.8996	18.9497480648234	0.680726728179867
Pc25Dud064	Pc25Dud064	6.66	0.680737564	4.99	2.63	1.65	F	8.2335	17.5158	25.7306206207857	0.680737563937748
Pc25Dud065	Pc25Dud065	6.03	0.810183713	3.92	2.48	1.4	M	5.488	14.9544	18.4580358321218	0.810183712720693
Pc25Dud066	Pc25Dud066	5.33	0.600100958	3.98	2.13	1.42	M	5.6516	11.3529	18.9183167379598	0.600100958095297
Pc25Dud067	Pc25Dud067	5.69	0.690124462	3.82	2.18	1.41	F	5.3862	12.4042	17.9738593384862	0.690124461664152
Pc25Dud068	Pc25Dud068	6.38	0.605482299	4.54	2.15	1.56	F	7.0824	13.717	22.6546672268905	0.605482299193444
Pc25Dud069	Pc25Dud069	6.94	0.695761624	4.86	2.6	1.71	F	8.3106	18.044	25.9341696534558	0.695761624185859
Pc25Dud070	Pc25Dud070	5.96	0.774881174	4.05	2.54	1.45	M	5.8725	15.1384	19.5364147442681	0.774881174369085
Pc25Dud071	Pc25Dud071	6.35	0.709850835	4.51	2.6	1.62	F	7.3062	16.51	23.2584075135353	0.709850835247079
Pc25Dud072	Pc25Dud072	6.42	0.725114495	4.47	2.58	1.6	F	7.152	16.5636	22.8427374016386	0.72511449520108
Pc25Dud073	Pc25Dud073	5.47	0.576012444	4.18	2.14	1.49	F	6.2282	11.7058	20.3221303979613	0.57601244410745
Pc25Dud074	Pc25Dud074	5.76	0.670246528	4.21	2.5	1.58	F	6.6518	14.4	21.4846319827295	0.670246528382496
Pc25Dud075	Pc25Dud075	5.29	NA	4.74	2.96	1.68	NA	7.9632	15.6584	NA	NA
Pc25Dud076	Pc25Dud076	5.32	0.637210224	3.73	1.98	1.29	M	4.8117	10.5336	16.5308082077182	0.637210223943066
Pc25Dud077	Pc25Dud077	6.39	0.81848605	4.18	2.51	1.41	M	5.8938	16.0389	19.5958135170376	0.818486049893001
Pc25Dud078	Pc25Dud078	6	0.812570581	4.23	2.78	1.49	F	6.3027	16.68	20.527447575758	0.812570580849922
Pc25Dud079	Pc25Dud079	4.89	0.573220584	4.2	2.32	1.42	M	5.964	11.3448	19.7913339243646	0.573220584491967
Pc25Dud080	Pc25Dud080	6.09	0.753107121	4.09	2.45	1.46	M	5.9714	14.9205	19.8119226148022	0.753107120903669
Pc25Dud081	Pc25Dud081	7.3	0.787224552	4.9	2.88	1.74	M	8.526	21.024	26.7064841219123	0.787224552061128
Pc25Dud082	Pc25Dud082	5.59	0.636521339	4.09	2.23	1.44	M	5.8896	12.4657	19.584103830813	0.636521339331691
Pc25Dud083	Pc25Dud083	6.44	0.776175797	4.54	2.76	1.58	F	7.1732	17.7744	22.8999668205872	0.776175797076733
Pc25Dud084	Pc25Dud084	6.25	0.767171866	4.22	2.6	1.55	F	6.541	16.25	21.1816943764349	0.767171866008909
Pc25Dud085	Pc25Dud085	6.01	0.829406839	4.26	2.39	1.21	F	5.1546	14.3639	17.3182801570992	0.829406838883588
Pc25Dud086	Pc25Dud086	6.08	0.761527389	4.14	2.55	1.49	M	6.1686	15.504	20.3590838817615	0.761527389446492
Pc25Dud087	Pc25Dud087	6.28	0.754002219	3.97	2.28	1.43	M	5.6771	14.3184	18.9898645467675	0.754002218643382
Pc25Dud088	Pc25Dud088	6.49	0.824970467	4.4	2.85	1.59	F	6.996	18.4965	22.4208026184394	0.824970466703453
Pc25Dud089	Pc25Dud089	5.69	0.513672071	4.59	2.12	1.61	F	7.3899	12.0628	23.4834647839564	0.513672071433052
Pc25Dud090	Pc25Dud090	6.68	0.782959494	4.34	2.58	1.56	M	6.7704	17.2344	22.0118666698101	0.78295949446384
Pc25Dud091	Pc25Dud091	6.61	0.751240576	4.72	2.79	1.65	F	7.788	18.4419	24.5485941437612	0.751240575814679
Pc25Dud092	Pc25Dud092	6.07	0.663896025	4.04	2.12	1.44	M	5.8176	12.8684	19.3831556794294	0.663896024611552
Pc25Dud093	Pc25Dud093	5.94	0.751547395	3.86	2.25	1.36	M	5.2496	13.365	17.7833095926749	0.75154739506448
Pc25Dud094	Pc25Dud094	5.7	0.653798619	4.29	2.46	1.53	M	6.5637	14.022	21.4469709662259	0.653798619025571
Pc25Dud095	Pc25Dud095	6.26	0.695539741	4.24	2.35	1.54	F	6.5296	14.711	21.1504808966682	0.695539740768609
Pc25Dud096	Pc25Dud096	5.82	0.715663113	3.9	2.26	1.4	M	5.46	13.1532	18.3790386276949	0.715663113095576
Pc25Dud097	Pc25Dud097	6.49	0.809126003	4.28	2.61	1.49	M	6.3772	16.9389	20.9348110762416	0.809126002537638
Pc25Dud098	Pc25Dud098	6	0.70370324	4.18	2.38	1.47	M	6.1446	14.28	20.2926449626449	0.7037032395869
Pc25Dud099	Pc25Dud099	6.84	0.789848207	4.55	2.72	1.63	F	7.4165	18.6048	23.5549056652994	0.789848206754154
Pc25Dud100	Pc25Dud100	6.5	0.765604738	4.41	2.67	1.59	M	7.0119	17.355	22.6683550157226	0.765604737880746
Pc25Dud101	Pc25Dud101	5.96	0.591974752	4.69	2.45	1.67	F	7.8323	14.602	24.6665925300479	0.59197475217594
Pc25Dud102	Pc25Dud102	5.15	0.619265253	3.9	2.21	1.4	M	5.46	11.3815	18.3790386276949	0.619265252691155
Pc25Dud103	Pc25Dud103	5.7	0.691991506	3.96	2.26	1.4	M	5.544	12.882	18.6158354277063	0.691991506372443
Pc25Dud104	Pc25Dud104	6.2	0.712338897	4.33	2.46	1.53	F	6.6249	15.252	21.4111570475367	0.712338897245849
Pc25Dud105	Pc25Dud105	6.96	0.780829425	4.83	2.88	1.7	F	8.211	20.0448	25.6711637072482	0.780829425131997
Pc25Dud106	Pc25Dud106	5.81	0.73350634	3.87	2.25	1.36	M	5.2632	13.0725	17.821931843502	0.733506340097825
Pc25Dud107	Pc25Dud107	6.32	0.671419291	4.82	2.79	1.75	F	8.435	17.6328	26.26198000065	0.671419291293482
Pc25Dud110	Pc25Dud110	6.62	0.636804429	4.93	2.55	1.73	F	8.5289	16.881	26.508923688134	0.63680442852368
Pc25Dud111	Pc25Dud111	6.1	0.674365506	4.26	2.37	1.54	M	6.5604	14.457	21.437929228977	0.674365506368912
Pc25Dud112	Pc25Dud112	6.02	0.791828026	4.12	2.44	1.34	M	5.5208	14.6888	18.5504926895889	0.791828025583589
Pc25Dud113	Pc25Dud113	6.55	0.851658812	4.22	2.69	1.49	M	6.2878	17.6195	20.6884491294168	0.851658811628704
Pc25Dud114	Pc25Dud114	6.07	0.767027008	4.03	2.43	1.43	M	5.7629	14.7501	19.2302224570517	0.767027008290854
Pc25Dud115	Pc25Dud115	6.15	0.679795465	4.29	2.4	1.57	F	6.7353	14.76	21.7124131733477	0.679795464564855
Pc25Dud116	Pc25Dud116	6.49	0.944641225	4.14	2.98	1.5	M	6.21	19.3402	20.473593037282	0.944641224663493
Pc25Dud117	Pc25Dud117	5.31	0.600173353	4.11	2.3	1.5	M	6.165	12.213	20.3491207090128	0.600173352679104
Pc25Dud118	Pc25Dud118	5.76	NA	4.27	2.53	1.45	M	6.1915	14.5728	20.4224387729453	0.713568059232247
Pc25Dud119	Pc25Dud119	5.98	0.714745184	4.32	2.54	1.52	F	6.5664	15.1892	21.251209983648	0.714745184471261
Pc25Dud120	Pc25Dud120	5.76	0.678828352	3.98	2.19	1.39	M	5.5322	12.6144	18.5826062892632	0.678828351827507
Pc25Dud121	Pc25Dud121	6.62	0.769895715	4.77	2.91	1.67	F	7.9659	19.2642	25.0218304027163	0.769895714659978
Pc25Dud122	Pc25Dud122	6.19	0.690862446	4.43	2.49	1.57	F	6.9551	15.4131	22.3099403994615	0.690862446247147
Pc25Dud123	Pc25Dud123	6.05	0.574791641	4.26	1.97	1.48	M	6.3048	11.9185	20.7353398037697	0.574791641361634
Pc25Dud124	Pc25Dud124	5.34	0.626322755	4.02	2.28	1.47	F	5.9094	12.1752	19.4391787761075	0.6263227546919
Pc25Dud125	Pc25Dud125	6.57	0.743267088	4.5	2.64	1.63	F	7.335	17.3448	23.335891329097	0.743267088254443
Pc25Dud126	Pc25Dud126	6.73	0.698112219	4.54	2.35	1.56	F	7.0824	15.8155	22.6546672268905	0.698112218626078
Pc25Dud127	Pc25Dud127	6.2	0.760034778	4.31	2.45	1.4	M	6.034	15.19	19.9859275422527	0.760034777864898
Pc25Dud128	Pc25Dud128	5.53	0.82774579	3.82	2.08	1.04	F	3.9728	11.5024	13.8960537670998	0.827745789760326
Pc25Dud129	Pc25Dud129	6.6	0.733646306	4.61	2.62	1.61	F	7.4221	17.292	23.5699407990821	0.733646306004868
Pc25Dud130	Pc25Dud130	6.71	0.830954823	4.11	2.52	1.5	M	6.165	16.9092	20.3491207090128	0.830954823149227
Pc25Dud131	Pc25Dud131	5.95	0.777595008	3.96	2.52	1.46	M	5.7816	14.994	19.2825311935429	0.777595008119111
Pc25Dud132	Pc25Dud132	6.67	0.746566834	4.63	2.62	1.59	F	7.3617	17.4754	23.4076832763377	0.746566834218298
Pc25Dud133	Pc25Dud133	5.96	0.660645123	4.46	2.42	1.52	F	6.7792	14.4232	21.8319934610223	0.660645122753011
Pc25Dud134	Pc25Dud134	5.93	0.687470924	4.09	2.31	1.47	M	6.0123	13.6983	19.9256427067332	0.687470923854875
Pc25Dud135	Pc25Dud135	6.27	0.642029306	4.92	2.67	1.7	F	8.364	16.7409	26.0749779470621	0.642029306179575
Pc25Dud136	Pc25Dud136	4.92	0.565779607	3.95	2.2	1.45	M	5.7275	10.824	19.1311243325046	0.565779606670036
Pc25Dud137	Pc25Dud137	6.33	NA	4.15	2.47	1.52	M	6.308	15.6351	20.74416399866	0.753710778656108
Pc25Dud138	Pc25Dud138	6.58	0.747597446	4.43	2.63	1.64	F	7.2652	17.3054	23.1480191549427	0.747597445991609
Pc25Dud139	Pc25Dud139	5.96	0.660299677	4.42	2.52	1.61	F	7.1162	15.0192	22.7460356711111	0.660299676706975
Pc25Dud140	Pc25Dud140	6.18	0.658199576	4.47	2.42	1.59	F	7.1073	14.9556	22.7219836362331	0.658199576209155
Pc25Dud141	Pc25Dud141	6.16	NA	4.37	2.35	1.58	M	6.9046	14.476	22.377131392258	0.646910443802836
Pc25Dud142	Pc25Dud142	5.24	0.612109324	4.03	2.22	1.41	M	5.6823	11.6328	19.004448310554	0.61210932355978
Pc25Dud143	Pc25Dud143	5.61	0.699063784	3.91	2.35	1.44	M	5.6304	13.1835	18.8587941609837	0.699063783583519
Pc25Dud144	Pc25Dud144	6.11	0.725702116	4.07	2.33	1.45	M	5.9015	14.2363	19.6172777760185	0.725702116396772
Pc25Dud145	Pc25Dud145	6.37	0.812821889	4.23	2.66	1.5	M	6.345	16.9442	20.8461413574316	0.812821889167487
Pc25Dud146	Pc25Dud146	6.65	0.744717997	4.48	2.59	1.62	F	7.2576	17.2235	23.1275463558149	0.744717997102599
Pc25Dud147	Pc25Dud147	5.43	0.593837227	4.05	2.09	1.43	F	5.7915	11.3487	19.1107924743589	0.593837226542364
Pc25Dud148	Pc25Dud148	6.48	0.757996872	4.23	2.52	1.56	M	6.5988	16.3296	21.5430968254621	0.757996871680019
Pc25Dud149	Pc25Dud149	6.41	0.839238739	4.24	2.75	1.51	M	6.4024	17.6275	21.0041543317348	0.839238739232024
Pc25Dud150	Pc25Dud150	5.78	0.718866543	3.78	2.2	1.38	M	5.2164	12.716	17.6889578766674	0.718866543108967
Pc25Dud151	Pc25Dud151	5.73	0.639989254	4.15	2.24	1.46	M	6.059	12.8352	20.0553367341352	0.639989254239439
Pc25Dud152	Pc25Dud152	6.02	0.792348063	4	2.53	1.44	M	5.76	15.2306	19.2221079537731	0.79234806279456
Pc25Dud154	Pc25Dud154	5.62	0.593994087	4.04	2.12	1.5	M	6.06	11.9144	20.058112138616	0.593994086664933
Pc25Dud155	Pc25Dud155	5.73	0.697012977	4.06	2.34	1.42	M	5.7652	13.4082	19.2366576286656	0.697012976933151
Pc25Dud156	Pc25Dud156	5.76	0.672363535	3.96	2.16	1.39	M	5.5044	12.4416	18.5042753829404	0.672363534508909
Pc25Dud157	Pc25Dud157	6.02	0.772483268	4.06	2.41	1.38	M	5.6028	14.5082	18.7812482287941	0.772483267526226
Pc25Dud158	Pc25Dud158	6.02	0.699241198	4.22	2.42	1.52	F	6.4144	14.5684	20.8345847514706	0.699241197930363
Pc25Dud159	Pc25Dud159	6.17	0.653438506	4.44	2.38	1.58	F	7.0152	14.6846	22.4728109331694	0.653438505920319
Pc25Dud160	Pc25Dud160	5.61	0.661958002	4.06	2.35	1.48	M	6.0088	13.1835	19.9159160581264	0.661958001907757
Pc25Dud161	Pc25Dud161	6.59	0.648101169	4.59	2.37	1.66	F	7.6194	15.6183	24.0985524262826	0.64810116905471
Pc25Dud162	Pc25Dud162	6.4	0.708888118	4.49	2.62	1.66	F	7.4534	16.768	23.6539442068162	0.708888118336226
Pc25Dud163	Pc25Dud163	6.31	0.749570568	4.21	2.47	1.52	F	6.3992	15.5857	20.7928388100847	0.749570568134295
Pc25Dud164	Pc25Dud164	6.96	0.753548721	4.63	2.57	1.6	M	7.408	17.8872	23.737284010727	0.753548720734718
Pc25Dud165	Pc25Dud165	5.95	0.731006965	3.87	2.23	1.39	M	5.3793	13.2685	18.150989844912	0.73100696509504
Pc25Dud166	Pc25Dud166	6.08	0.739054142	4.29	2.41	1.41	F	6.0489	14.6528	19.8264229428164	0.73905414215473
Pc25Dud167	Pc25Dud167	5.91	0.69546126	4.19	2.42	1.49	M	6.2431	14.3022	20.5650563544611	0.695461259793604
Pc25Dud168	Pc25Dud168	6.01	0.848129631	3.94	2.49	1.32	M	5.2008	14.9649	17.644590473226	0.848129630591756
Pc25Dud169	Pc25Dud169	5.38	0.660718178	3.74	2.14	1.37	M	5.1238	11.5132	17.4252811353073	0.660718177835986
Pc25Dud170	Pc25Dud170	6.14	0.673606363	4.18	2.34	1.56	M	6.5208	14.3676	21.3293709633757	0.673606363013252
Pc25Dud171	Pc25Dud171	5.3	0.644625322	3.79	2.13	1.36	M	5.1544	11.289	17.5124985304586	0.64462532175895
Pc25Dud172	Pc25Dud172	6.83	0.753854197	4.71	2.76	1.69	F	7.9599	18.8508	25.0058964687721	0.753854196890773
Pc25Dud174	Pc25Dud174	5.93	0.637091696	4.85	2.85	1.76	F	8.536	16.9005	26.5275785366244	0.637091695974696
Pc25Dud176	Pc25Dud176	6.21	0.798333098	3.94	2.44	1.44	M	5.6736	15.1524	18.9800473372606	0.798333098477244
Pc25Dud177	Pc25Dud177	5.5	0.5744075	4.01	2	1.43	M	5.7343	11	19.1501677880715	0.574407499805397
Pc25Dud178	Pc25Dud178	6.01	0.772952052	4.19	2.63	1.48	M	6.2012	15.8063	20.4492632716544	0.772952051622798
Pc25Dud179	Pc25Dud179	6.25	0.761079248	4.15	2.54	1.53	M	6.3495	15.875	20.8585374487516	0.761079248197726
Pc25Dud180	Pc25Dud180	5.96	0.663482624	4.43	2.43	1.53	F	6.7779	14.4828	21.8284540827554	0.66348262433488
Pc25Dud181	Pc25Dud181	5.6	0.632384865	4	2.12	1.4	M	5.6	11.872	18.7733778078677	0.632384865499515
Pc25Dud182	Pc25Dud182	7.01	0.656373899	4.93	2.47	1.72	F	8.4796	17.3147	26.3793243819233	0.656373899092922
Pc25Dud183	Pc25Dud183	5.96	0.639469189	4.4	2.38	1.57	F	6.908	14.1848	22.1821476953883	0.639469189133072
Pc25Dud184	Pc25Dud184	4.87	0.537981726	4.13	2.26	1.52	F	6.2776	11.0062	20.4583157288931	0.537981725663567
Pc25Dud185	Pc25Dud185	6.63	0.668059997	4.71	2.57	1.73	F	8.1483	17.0391	25.5053439328149	0.668059997343445
Pc25Dud186	Pc25Dud186	6.05	0.69147304	4.16	2.31	1.47	M	6.1152	13.9755	20.2112001342415	0.691473040055793
Pc25Dud187	Pc25Dud187	5.57	0.636322837	3.96	2.05	1.34	M	5.3064	11.4185	17.9445076299449	0.636322836796335
Pc25Dud188	Pc25Dud188	5.94	0.845387748	4.04	2.45	1.25	M	5.05	14.553	17.2145859016999	0.845387747524204
Pc25Dud189	Pc25Dud189	6.17	0.732007693	4.4	2.66	1.59	F	6.996	16.4122	22.4208026184394	0.732007693003023
Pc25Dud190	Pc25Dud190	6.46	0.768250873	4.47	2.64	1.53	M	6.8391	17.0544	22.1989985337644	0.768250872851784
Pc25Dud191	Pc25Dud191	6.07	0.758779669	4.25	2.66	1.53	M	6.5025	16.1462	21.2791679439061	0.758779668573645
Pc25Dud192	Pc25Dud192	6.34	0.708137166	4.32	2.4	1.54	F	6.6528	15.216	21.4873625063199	0.708137166463527
