FID	IID	WL	EL	relMRWS	time5trials	time3trials	emerged95s5trials	emerged95s3trials	endPosition3trials	action5trials	action3trials
Pc25Np001	Pc25Np001	2.86	4.10	0.191344425	130	81	2	2	1	0.8	1
Pc25Np002	Pc25Np002	3.40	3.75	0.302996191	209	168	0	0	0	0.2	0
Pc25Np003	Pc25Np003	3.08	3.75	0.250296776	239	198	1	1	0	0	0
Pc25Np004	Pc25Np004	4.22	4.02	0.315893725	213	182	0	0	0.666666667	0.6	0.666666667
Pc25Np005	Pc25Np005	3.44	4.16	0.284105839	286	300	0	0	0	0	0
Pc25Np006	Pc25Np006	2.71	3.46	0.220502383	111	92	3	2	0.333333333	0.4	0.666666667
Pc25Np007	Pc25Np007	3.46	3.85	0.250923785	260	249	0	0	0	0.2	0
Pc25Np008	Pc25Np008	3.21	4.16	0.259770822	28	20	5	3	1	0.6	0.666666667
Pc25Np009	Pc25Np009	2.94	3.26	0.234831914	217	230	2	1	0.666666667	0.4	0.333333333
Pc25Np010	Pc25Np010	3.64	3.94	0.321627389	175	200	2	1	0.333333333	0.4	0.333333333
Pc25Np011	Pc25Np011	3.62	3.73	0.305861234	169	143	0	0	0.333333333	0.2	0.333333333
Pc25Np012	Pc25Np012	3.54	3.89	0.308475127	264	300	0	0	0	0.2	0
Pc25Np013	Pc25Np013	3.78	3.82	0.347027443	251	218	1	1	0	0	0
Pc25Np014	Pc25Np014	3.32	3.94	0.275465109	197	228	1	0	0.333333333	0.4	0.333333333
Pc25Np015	Pc25Np015	3.82	3.44	0.350234427	232	223	0	0	0.333333333	0.4	0.333333333
Pc25Np016	Pc25Np016	3.64	4.06	0.287844814	300	300	0	0	0	0	0
Pc25Np017	Pc25Np017	3.32	3.82	0.274628534	206	156	1	1	0.333333333	0.4	0.333333333
Pc25Np018	Pc25Np018	3.10	3.92	0.20180715	49	31	4	3	1	0.8	1
Pc25Np019	Pc25Np019	4.57	3.68	0.532067256	130	117	2	1	1	0.8	1
Pc25Np020	Pc25Np020	2.93	3.50	0.274431568	131	89	2	2	0.333333333	0.6	0.333333333
Pc25Np021	Pc25Np021	3.20	4.06	0.228602659	215	300	1	0	0	0	0
Pc25Np022	Pc25Np022	3.43	3.77	0.288870747	210	211	1	1	0.333333333	0.4	0.333333333
Pc25Np023	Pc25Np023	3.73	3.64	0.436355796	101	115	3	2	0.666666667	0.8	0.666666667
Pc25Np024	Pc25Np024	3.08	3.65	0.250452776	14	16	5	3	1	1	1
Pc25Np025	Pc25Np025	3.01	3.59	0.225870679	161	233	1	0	0.333333333	0.6	0.333333333
Pc25Np026	Pc25Np026	3.09	3.56	0.230266183	141	143	2	1	0.666666667	0.4	0.333333333
Pc25Np027	Pc25Np027	2.95	3.37	0.286562639	109	141	3	1	0	0	0
Pc25Np028	Pc25Np028	3.35	3.54	0.297838155	251	300	0	0	0	0.2	0
Pc25Np029	Pc25Np029	3.41	3.28	0.315403116	127	180	2	1	0.666666667	0.8	0.666666667
Pc25Np030	Pc25Np030	3.30	3.85	0.265832506	300	300	0	0	0	0	0
Pc25Np031	Pc25Np031	4.47	4.17	0.471662632	120	100	3	2	0.666666667	0.6	0.666666667
Pc25Np032	Pc25Np032	3.56	3.81	0.374244258	117	129	3	2	0.333333333	0.4	0.333333333
Pc25Np033	Pc25Np033	3.48	3.54	0.310129365	139	131	3	2	0.333333333	0.4	0.333333333
Pc25Np034	Pc25Np034	4.50	4.04	0.500841679	218	295	1	0	0.333333333	0.6	0.333333333
Pc25Np035	Pc25Np035	3.51	4.05	0.332308342	72	100	4	2	0.666666667	0.6	0.666666667
Pc25Np036	Pc25Np036	3.12	3.62	0.320560078	22	37	4	2	1	1	1
Pc25Np037	Pc25Np037	3.01	3.64	0.276887605	274	298	0	0	0.333333333	0.4	0.333333333
Pc25Np038	Pc25Np038	3.15	4.05	0.21602373	0	0	5	3	1	1	1
Pc25Np039	Pc25Np039	3.74	3.67	0.317589914	56	68	4	2	1	1	1
Pc25Np040	Pc25Np040	3.32	3.98	0.289084522	104	137	2	1	0.666666667	0.8	0.666666667
Pc25Np041	Pc25Np041	3.54	3.43	0.412811118	154	163	1	1	1	0.75	1
Pc25Np042	Pc25Np042	3.91	3.63	0.463423488	269	249	0	0	0	0	0
Pc25Np043	Pc25Np043	3.22	3.99	0.267890195	64	76	4	2	1	1	1
Pc25Np044	Pc25Np044	3.52	3.39	0.360271277	34	56	4	2	1	1	1
Pc25Np045	Pc25Np045	2.67	3.41	0.225829412	107	48	3	2	0.666666667	0.6	0.666666667
Pc25Np046	Pc25Np046	3.66	3.78	0.341033555	80	106	3	1	0.666666667	0.8	0.666666667
Pc25Np047	Pc25Np047	3.86	4.22	0.37424312	74	24	4	3	1	0.8	1
Pc25Np048	Pc25Np048	4.24	3.71	0.462912044	150	160	0	0	0.666666667	0.75	0.5
Pc25Np049	Pc25Np049	3.95	3.48	0.38233406	83	38	3	2	1	0.8	1
Pc25Np050	Pc25Np050	3.68	3.26	0.447218733	0	0	5	3	1	1	1
Pc25Np051	Pc25Np051	3.29	3.61	0.30678213	8	0	5	3	1	1	1
Pc25Np052	Pc25Np052	3.41	3.53	0.356158258	246	249	0	0	0	0	0
Pc25Np053	Pc25Np053	3.66	4.10	0.316670547	70	92	4	2	1	0.8	0.666666667
Pc25Np054	Pc25Np054	3.17	3.71	0.298197299	168	216	2	1	0	0.2	0
Pc25Np055	Pc25Np055	3.84	4.26	0.325482851	248	258	0	0	0	0.2	0
Pc25Np056	Pc25Np056	2.48	3.16	0.230809868	109	140	2	1	0.333333333	0.4	0.333333333
Pc25Np057	Pc25Np057	3.05	3.57	0.281549699	217	265	0	0	0	0	0
Pc25Np058	Pc25Np058	3.99	3.99	0.39452867	211	274	1	0	0.333333333	0.6	0.333333333
Pc25Np059	Pc25Np059	3.04	3.51	0.307457301	183	216	0	0	0.333333333	0.2	0.333333333
Pc25Np060	Pc25Np060	3.82	4.13	0.373317004	44	0	4	3	1	0.8	1
Pc25Np061	Pc25Np061	3.29	3.89	0.276358083	193	219	0	0	0.333333333	0.4	0.333333333
Pc25Np062	Pc25Np062	3.80	3.55	0.378351776	145	203	1	0	0.666666667	0.6	0.666666667
Pc25Np063	Pc25Np063	3.44	3.52	0.327483535	84	84	4	2	0.333333333	0.6	0.333333333
Pc25Np064	Pc25Np064	3.56	4.03	0.338208016	268	294	0	0	0	0	0
Pc25Np065	Pc25Np065	2.95	3.42	0.319770777	57	95	4	2	1	1	1
Pc25Np066	Pc25Np066	3.02	3.62	0.263162792	219	300	1	0	0	0.2	0
Pc25Np067	Pc25Np067	4.48	3.82	0.446452513	300	300	0	0	0	0	0
Pc25Np068	Pc25Np068	3.62	3.62	0.395857328	71	41	3	2	1	1	1
Pc25Np069	Pc25Np069	3.32	3.89	0.333814937	120	156	2	1	0.333333333	0.4	0.333333333
Pc25Np070	Pc25Np070	4.11	3.76	0.425528077	171	244	1	0	0	0.2	0
Pc25Np071	Pc25Np071	3.40	3.78	0.340666687	88	88	2	1	0.333333333	0.6	0.333333333
Pc25Np072	Pc25Np072	3.16	3.50	0.318429441	215	181	0	0	0.333333333	0.2	0.333333333
Pc25Np073	Pc25Np073	2.70	3.66	0.277575583	85	122	4	2	0.666666667	0.8	0.666666667
Pc25Np074	Pc25Np074	4.32	4.34	0.402532394	183	214	0	0	0.333333333	0.2	0
Pc25Np075	Pc25Np075	3.34	3.82	0.328310703	171	285	2	0	0	0.4	0
Pc25Np076	Pc25Np076	2.92	3.83	0.264055226	300	300	0	0	0	0	0
Pc25Np077	Pc25Np077	3.20	4.02	0.328071011	291	300	0	0	0	0	0
Pc25Np078	Pc25Np078	3.22	4.09	0.313778329	300	300	0	0	0	0	0
Pc25Np079	Pc25Np079	3.32	3.84	0.326109903	300	300	0	0	0	0	0
Pc25Np080	Pc25Np080	3.77	4.10	0.382353719	158	228	2	1	0.333333333	0.4	0.333333333
Pc25Np081	Pc25Np081	2.86	3.84	0.262980613	256	280	0	0	0.333333333	0.4	0.333333333
Pc25Np082	Pc25Np082	3.04	3.36	0.320030582	280	300	0	0	0	0.2	0
Pc25Np083	Pc25Np083	4.57	4.18	0.419244238	190	263	1	0	0.333333333	0.6	0.333333333
Pc25Np084	Pc25Np084	3.08	3.69	0.306811497	287	300	0	0	0	0.2	0
Pc25Np085	Pc25Np085	3.75	4.15	0.32874196	159	233	1	0	0	0.2	0
Pc25Np086	Pc25Np086	4.39	3.45	0.445477685	243	300	0	0	0	0.2	0
Pc25Np087	Pc25Np087	3.77	3.74	0.36101142	249	215	1	1	0.333333333	0.2	0.333333333
Pc25Np088	Pc25Np088	3.17	3.65	0.313993495	15	0	5	3	1	1	1
Pc25Np089	Pc25Np089	3.08	3.75	0.291141344	50	55	5	3	0.333333333	0.5	0.5
Pc25Np090	Pc25Np090	3.12	3.72	0.273681824	211	152	2	2	0.333333333	0.2	0.333333333
Pc25Np091	Pc25Np091	3.25	3.54	0.318364795	240	200	1	1	0.333333333	0.2	0.333333333
Pc25Np092	Pc25Np092	2.98	3.57	0.243865341	60	100	4	2	0.666666667	0.8	0.666666667
Pc25Np093	Pc25Np093	2.88	3.92	0.271399132	187	111	2	2	0.333333333	0.2	0.333333333
Pc25Np094	Pc25Np094	3.75	4.05	0.399503298	231	232	0	0	0.333333333	0.2	0.333333333
Pc25Np095	Pc25Np095	3.61	3.93	0.355616829	200	153	1	1	0.333333333	0.4	0.333333333
Pc25Np096	Pc25Np096	3.70	3.38	0.40504448	110	100	3	2	0.666666667	0.6	0.666666667
Pc25Np097	Pc25Np097	3.85	3.78	0.368242117	32	54	4	2	0.666666667	0.8	0.666666667
Pc25Np098	Pc25Np098	3.42	3.94	0.3132933	96	134	3	1	0.666666667	0.8	0.666666667
Pc25Np099	Pc25Np099	4.35	4.05	0.375629839	181	101	1	1	1	0.4	0.666666667
Pc25Np100	Pc25Np100	3.44	3.76	0.306330847	239	236	0	0	0.666666667	0.4	0.333333333
Pc25Np101	Pc25Np101	4.71	3.80	0.514640748	125	111	1	1	0.333333333	0.8	1
Pc25Np102	Pc25Np102	3.49	4.02	0.345489101	225	196	1	1	0	0.2	0.333333333
Pc25Np103	Pc25Np103	3.98	4.28	0.374681265	116	90	1	1	0.666666667	0.8	1
Pc25Np104	Pc25Np104	3.34	3.69	0.28935544	109	44	3	3	1	0.8	1
Pc25Np105	Pc25Np105	3.44	3.72	0.349494349	141	89	2	2	1	0.6	1
Pc25Np106	Pc25Np106	3.29	3.65	0.320776318	178	175	1	1	1	0.6	0.666666667
Pc25Np107	Pc25Np107	3.51	3.29	0.392223314	87	7	3	3	0.666666667	0.8	1
Pc25Np108	Pc25Np108	3.68	3.46	0.367623213	87	52	3	2	1	1	1
Pc25Np109	Pc25Np109	4.15	4.04	0.390060069	204	231	2	1	0	0	0
Pc25Np110	Pc25Np110	3.52	3.80	0.322515487	283	272	0	0	0.333333333	0.2	0.333333333
Pc25Np111	Pc25Np111	4.37	3.98	0.449862834	211	202	0	0	0.666666667	0.4	0.333333333
Pc25Np112	Pc25Np112	2.95	3.34	0.286977788	164	158	2	1	0.333333333	0.2	0.333333333
Pc25Np113	Pc25Np113	3.62	4.03	0.325232655	300	300	2	0	0	0	0
Pc25Np114	Pc25Np114	3.60	4.17	0.259837728	175	175	2	0	0.333333333	0.25	0.333333333
Pc25Np115	Pc25Np115	3.18	3.59	0.305907086	87	81	3	2	0.333333333	0.4	0.333333333
Pc25Np116	Pc25Np116	4.57	3.54	0.542388545	222	235	0	0	0	0	0
Pc25Np117	Pc25Np117	3.76	3.97	0.361517152	190	255	1	0	0	0.2	0
Pc25Np118	Pc25Np118	3.38	4.21	0.319931161	179	237	1	0	0.333333333	0.4	0.333333333
Pc25Np119	Pc25Np119	3.84	3.73	0.369270905	168	121	1	1	0.666666667	0.2	0.333333333
Pc25Np120	Pc25Np120	3.12	3.15	0.320727662	198	200	1	0	1	0.4	0.666666667
Pc25Np121	Pc25Np121	4.37	3.74	0.470302884	154	174	2	1	0.666666667	0.6	0.666666667
Pc25Np122	Pc25Np122	3.23	4.04	0.27625921	54	54	5	3	1	1	1
Pc25Np123	Pc25Np123	4.60	3.87	0.480945218	192	280	2	0	0	0.2	0
Pc25Np124	Pc25Np124	3.85	3.46	0.353666392	180	181	1	1	0	0	0
Pc25Np125	Pc25Np125	3.51	3.88	0.306803802	101	88	2	2	1	0.4	0.666666667
Pc25Np126	Pc25Np126	3.54	4.08	0.296644274	188	300	2	0	0	0.4	0
Pc25Np127	Pc25Np127	3.53	3.73	0.345824847	168	181	0	0	0.333333333	0.25	0.333333333
Pc25Np128	Pc25Np128	3.50	3.64	0.334938789	86	106	3	1	1	0.8	1
Pc25Np129	Pc25Np129	3.25	3.71	0.343128874	109	111	2	2	0.333333333	0.6	0.666666667
Pc25Np130	Pc25Np130	3.19	3.70	0.301127123	63	24	4	3	1	1	1
Pc25Np131	Pc25Np131	3.03	3.57	0.281361937	120	187	2	0	1	1	1
Pc25Np132	Pc25Np132	3.50	3.71	0.364415129	195	205	0	0	0.666666667	0.6	0.666666667
Pc25Np133	Pc25Np133	3.09	3.79	0.269539103	230	250	0	0	0.333333333	0.6	0.333333333
Pc25Np134	Pc25Np134	3.31	4.21	0.28171844	109	172	3	1	0.333333333	0.4	0.333333333
Pc25Np135	Pc25Np135	3.54	3.90	0.307448889	170	246	1	0	0.333333333	0.6	0.333333333
Pc25Np136	Pc25Np136	4.05	3.78	0.411046761	300	300	0	0	0	0	0
Pc25Np137	Pc25Np137	2.84	3.64	0.273297726	290	300	0	0	0	0	0
Pc25Np138	Pc25Np138	3.86	3.95	0.34656196	37	18	5	3	1	0.75	1
Pc25Np139	Pc25Np139	3.87	3.96	0.440847085	136	206	2	0	0.666666667	0.6	0.666666667
Pc25Np140	Pc25Np140	3.18	3.40	0.32461519	149	151	1	1	1	1	1
Pc25Np141	Pc25Np141	3.24	3.53	0.297172917	112	167	3	1	0.666666667	0.8	0.666666667
Pc25Np142	Pc25Np142	4.20	3.59	0.401371372	137	150	2	1	0.666666667	0.5	0.5
Pc25Np143	Pc25Np143	3.97	3.91	0.427443819	78	106	4	2	1	1	1
Pc25Np144	Pc25Np144	3.05	3.67	0.252946789	179	242	2	0	0	0.4	0
Pc25Np145	Pc25Np145	3.37	3.65	0.360695946	32	0	4	3	1	1	1
Pc25Np146	Pc25Np146	3.02	3.51	0.290287036	33	24	5	3	1	1	1
Pc25Np147	Pc25Np147	3.10	3.34	0.319340383	103	101	3	2	0.666666667	0.5	0.333333333
Pc25Np148	Pc25Np148	3.25	3.44	0.350993056	65	82	4	2	1	1	1
Pc25Np149	Pc25Np149	3.16	3.54	0.303558554	81	40	4	3	1	0.8	1
Pc25Np150	Pc25Np150	3.08	3.28	0.290890078	158	163	2	1	0.666666667	0.6	0.666666667
Pc25Np151	Pc25Np151	3.27	3.99	0.289337177	163	140	1	1	1	0.6	0.666666667
Pc25Np152	Pc25Np152	3.56	4.18	0.297563744	82	122	3	1	1	1	1
Pc25Np153	Pc25Np153	3.23	3.87	0.255212459	96	100	3	2	1	0.8	1
Pc25Np154	Pc25Np154	3.25	3.56	0.289672918	41	42	5	3	1	0.8	0.666666667
Pc25Np155	Pc25Np155	4.42	3.81	0.496823629	129	112	2	2	0.666666667	0.6	0.666666667
Pc25Np156	Pc25Np156	3.84	4.01	0.368481045	102	100	2	2	0.666666667	0.8	0.666666667
Pc25Np157	Pc25Np157	3.38	3.86	0.309413882	0	0	5	3	1	1	1
Pc25Np158	Pc25Np158	3.60	3.99	0.337181936	29	35	4	2	1	1	1
Pc25Np159	Pc25Np159	3.21	3.67	0.310754623	92	58	3	2	1	0.8	1
Pc25Np160	Pc25Np160	3.38	4.16	0.249234648	112	175	3	1	1	0.8	0.666666667
Pc25Np161	Pc25Np161	3.47	3.67	0.34200234	67	98	4	2	0.666666667	0.8	0.666666667
Pc25Np162	Pc25Np162	3.48	4.14	0.332572162	146	215	2	0	0.333333333	0.8	0.666666667
Pc25Np163	Pc25Np163	3.35	4.10	0.301768816	136	143	1	1	0.666666667	0.4	0.666666667
Pc25Np164	Pc25Np164	3.74	4.15	0.375745331	13	0	5	3	1	1	1
Pc25Np165	Pc25Np165	3.08	3.95	0.273071093	225	257	0	0	0.666666667	0.4	0.666666667
Pc25Np166	Pc25Np166	3.90	4.25	0.42875324	84	90	2	1	1	0.6	0.666666667
Pc25Np167	Pc25Np167	2.97	3.81	0.24912148	131	156	2	1	0.333333333	0.4	0.333333333
Pc25Np168	Pc25Np168	4.04	3.91	0.44091685	151	196	2	1	0.333333333	0.4	0.333333333
Pc25Np169	Pc25Np169	2.80	3.17	0.273477804	90	121	4	2	0.333333333	0.6	0.333333333
Pc25Np170	Pc25Np170	2.91	3.31	0.276777846	164	214	1	0	0	0.4	0
Pc25Np171	Pc25Np171	3.89	3.58	0.406741909	92	100	4	2	0.666666667	0.8	0.666666667
Pc25Np172	Pc25Np172	3.44	3.54	0.319419209	61	33	4	3	0.666666667	0.8	0.666666667
Pc25Np173	Pc25Np173	3.55	3.68	0.334483015	75	87	3	2	0.666666667	0.6	0.666666667
Pc25Np174	Pc25Np174	3.32	3.93	0.317590881	236	236	2	0	0.333333333	0	0
Pc25Np175	Pc25Np175	3.63	4.23	0.319983308	91	90	3	2	0.333333333	0.4	0.666666667
Pc25Np176	Pc25Np176	3.36	4.19	0.317463286	133	138	1	1	0.666666667	0.8	0.666666667
Pc25Np177	Pc25Np177	3.07	4.06	0.264588702	60	85	4	2	0.666666667	1	1
Pc25Np178	Pc25Np178	3.38	3.93	0.306610234	96	114	3	2	0.666666667	0.8	0.666666667
Pc25Np179	Pc25Np179	3.02	3.86	0.247443094	131	140	2	1	1	0.6	0.666666667
Pc25Np180	Pc25Np180	2.75	3.91	0.252303565	112	123	2	1	0.333333333	0.4	0.333333333
Pc25Np181	Pc25Np181	3.35	3.56	0.369687672	154	197	1	0	0.666666667	0.8	0.666666667
Pc25Np182	Pc25Np182	3.43	3.62	0.272748674	35	40	4	2	1	0.8	1
Pc25Np183	Pc25Np183	3.79	3.41	0.432555319	91	127	4	2	0.666666667	0.8	0.666666667
Pc25Np184	Pc25Np184	3.17	3.45	0.338783991	162	271	2	0	0.333333333	0.6	0.333333333
Pc25Np185	Pc25Np185	3.02	3.60	0.270775559	205	241	1	0	0.333333333	0.4	0.333333333
Pc25Np186	Pc25Np186	3.29	3.58	0.321446683	27	27	5	3	1	1	1
Pc25Np187	Pc25Np187	3.40	3.82	0.339189108	144	104	1	1	0.333333333	0.2	0.333333333
Pc25Np188	Pc25Np188	3.00	3.71	0.266127215	95	141	4	2	1	0.8	1
Pc25Np189	Pc25Np189	3.40	3.30	0.351150059	99	142	3	1	1	1	1
Pc25Np190	Pc25Np190	3.14	3.58	0.300809253	200	284	2	0	0.333333333	0.4	0
Pc25Np191	Pc25Np191	4.35	3.66	0.470940561	27	21	5	3	1	1	1
Pc25Np192	Pc25Np192	3.21	3.41	0.301198393	92	80	3	2	1	0.8	0.666666667
